kinematics:
  shoulder:
    x: 0
    y: 0
    z: 0.08909526332211061
    roll: -0
    pitch: 0
    yaw: 2.498240904530272e-05
  upper_arm:
    x: 0.0001488305905640197
    y: 0
    z: 0
    roll: 1.570282640838102
    pitch: 0
    yaw: 2.999545479018886e-06
  forearm:
    x: -0.4254406942348268
    y: 0
    z: 0
    roll: 0.000491964216629424
    pitch: 0.001071223478160537
    yaw: 4.82078536225732e-05
  wrist_1:
    x: -0.3923874733214102
    y: 0.0001441728605095512
    z: 0.1105942490229893
    roll: 3.140289034458482
    pitch: 3.141470700577573
    yaw: -3.141568615067462
  wrist_2:
    x: -3.996068337323545e-05
    y: -0.09468890078813341
    z: 0.0001420838048627896
    roll: 1.569295795084826
    pitch: 0
    yaw: 3.903933738343939e-05
  wrist_3:
    x: 0.00014228139663443
    y: 0.08251421632345768
    z: 0.0001281280868345968
    roll: 1.572349125688995
    pitch: 3.141592653589793
    yaw: 3.141517604849488
  hash: calib_13069138706261967481